0 0 0 1 3 0 0 2 2 1
0 0 0 1 3 0 0 2 3 1
0 0 0 1 3 0 0 3 2 1
0 0 0 1 3 0 0 3 3 1
0 0 4 0 0 1 0 0 2 1
0 0 4 0 0 1 0 0 3 1
0 0 4 0 0 1 0 1 2 1
0 0 4 0 0 1 0 1 3 1
0 0 4 0 0 1 0 2 2 1
0 0 4 0 0 1 0 2 3 1
0 0 4 0 0 1 0 3 2 1
0 0 4 0 0 1 0 3 3 1
0 0 4 0 0 1 0 4 2 1
0 0 4 0 0 1 0 4 3 1
0 0 4 0 0 1 0 5 2 1
0 0 4 0 0 1 0 5 3 1
0 0 4 0 0 1 0 6 2 1
0 0 4 0 0 1 0 6 3 1
0 2 4 0 0 0 2 9 1 1
0 2 4 0 0 0 2 9 1 2
0 2 4 0 0 0 2 9 2 1
0 2 4 0 0 0 2 9 2 2
0 2 4 0 0 0 2 9 3 1
0 2 4 0 0 0 2 9 3 2
0 2 4 0 0 1 2 9 1 1
0 2 4 0 0 1 2 9 1 2
0 2 4 0 0 1 2 9 2 1
0 2 4 0 0 1 2 9 2 2
0 2 4 0 0 1 2 9 3 1
0 2 4 0 0 1 2 9 3 2
0 2 4 0 0 2 2 9 1 1
0 2 4 0 0 2 2 9 1 2
0 2 4 0 0 2 2 9 2 1
0 2 4 0 0 2 2 9 2 2
0 2 4 0 0 2 2 9 3 1
0 2 4 0 0 2 2 9 3 2
0 2 4 0 0 3 2 9 1 1
0 2 4 0 0 3 2 9 1 2
0 2 4 0 0 3 2 9 2 1
0 2 4 0 0 3 2 9 2 2
0 2 4 0 0 3 2 9 3 1
0 2 4 0 0 3 2 9 3 2
0 2 4 0 1 0 2 9 1 1
0 2 4 0 1 0 2 9 1 2
0 2 4 0 1 0 2 9 2 1
0 2 4 0 1 0 2 9 2 2
0 2 4 0 1 0 2 9 3 1
0 2 4 0 1 0 2 9 3 2
0 2 4 0 1 1 2 9 1 1
0 2 4 0 1 1 2 9 1 2
0 2 4 0 1 1 2 9 2 1
0 2 4 0 1 1 2 9 2 2
0 2 4 0 1 1 2 9 3 1
0 2 4 0 1 1 2 9 3 2
0 2 4 0 1 2 2 9 1 1
0 2 4 0 1 2 2 9 1 2
0 2 4 0 1 2 2 9 2 1
0 2 4 0 1 2 2 9 2 2
0 2 4 0 1 2 2 9 3 1
0 2 4 0 1 2 2 9 3 2
0 2 4 0 1 3 2 9 1 1
0 2 4 0 1 3 2 9 1 2
0 2 4 0 1 3 2 9 2 1
0 2 4 0 1 3 2 9 2 2
0 2 4 0 1 3 2 9 3 1
0 2 4 0 1 3 2 9 3 2
0 2 4 0 2 0 2 9 1 1
0 2 4 0 2 0 2 9 1 2
0 2 4 0 2 0 2 9 2 1
0 2 4 0 2 0 2 9 2 2
0 2 4 0 2 0 2 9 3 1
0 2 4 0 2 0 2 9 3 2
1 0 4 0 0 0 2 9 1 1
1 0 4 0 0 0 2 9 1 2
1 0 4 0 0 0 2 9 2 1
1 0 4 0 0 0 2 9 2 2
1 0 4 0 0 0 2 9 3 1
1 0 4 0 0 0 2 9 3 2
1 0 4 0 0 1 2 9 1 1
1 0 4 0 0 1 2 9 1 2
1 0 4 0 0 1 2 9 2 1
1 0 4 0 0 1 2 9 2 2
1 0 4 0 0 1 2 9 3 1
1 0 4 0 0 1 2 9 3 2
1 0 4 0 0 2 2 9 1 1
1 0 4 0 0 2 2 9 1 2
1 0 4 0 0 2 2 9 2 1
1 0 4 0 0 2 2 9 2 2
1 0 4 0 0 2 2 9 3 1
1 0 4 0 0 2 2 9 3 2
1 0 4 0 0 3 2 9 1 1
1 0 4 0 0 3 2 9 1 2
1 0 4 0 0 3 2 9 2 1
1 0 4 0 0 3 2 9 2 2
1 0 4 0 0 3 2 9 3 1
1 0 4 0 0 3 2 9 3 2
1 0 4 0 1 0 2 9 1 1
1 0 4 0 1 0 2 9 1 2
1 0 4 0 1 0 2 9 2 1
1 0 4 0 1 0 2 9 2 2
1 0 4 0 1 0 2 9 3 1
1 0 4 0 1 0 2 9 3 2
1 0 4 0 1 1 2 9 1 1
1 0 4 0 1 1 2 9 1 2
1 0 4 0 1 1 2 9 2 1
1 0 4 0 1 1 2 9 2 2
1 0 4 0 1 1 2 9 3 1
1 0 4 0 1 1 2 9 3 2
1 0 4 0 1 2 2 9 1 1
1 0 4 0 1 2 2 9 1 2
1 0 4 0 1 2 2 9 2 1
1 0 4 0 1 2 2 9 2 2
1 0 4 0 1 2 2 9 3 1
1 0 4 0 1 2 2 9 3 2
1 0 4 0 1 3 2 9 1 1
1 0 4 0 1 3 2 9 1 2
1 0 4 0 1 3 2 9 2 1
1 0 4 0 1 3 2 9 2 2
1 0 4 0 1 3 2 9 3 1
1 0 4 0 1 3 2 9 3 2
1 0 4 0 2 0 2 9 1 1
1 0 4 0 2 0 2 9 1 2
1 0 4 0 2 0 2 9 2 1
1 0 4 0 2 0 2 9 2 2
1 0 4 0 2 0 2 9 3 1
1 0 4 0 2 0 2 9 3 2
1 2 4 0 0 0 2 9 1 1
1 2 4 0 0 0 2 9 1 2
1 2 4 0 0 0 2 9 2 1
1 2 4 0 0 0 2 9 2 2
1 2 4 0 0 0 2 9 3 1
1 2 4 0 0 0 2 9 3 2
1 2 4 0 0 1 2 9 1 1
1 2 4 0 0 1 2 9 1 2
1 2 4 0 0 1 2 9 2 1
1 2 4 0 0 1 2 9 2 2
1 2 4 0 0 1 2 9 3 1
1 2 4 0 0 1 2 9 3 2
1 2 4 0 0 2 2 9 1 1
1 2 4 0 0 2 2 9 1 2
1 2 4 0 0 2 2 9 2 1
1 2 4 0 0 2 2 9 2 2
1 2 4 0 0 2 2 9 3 1
1 2 4 0 0 2 2 9 3 2
1 2 4 0 0 3 2 9 1 1
1 2 4 0 0 3 2 9 1 2
1 2 4 0 0 3 2 9 2 1
1 2 4 0 0 3 2 9 2 2
1 2 4 0 0 3 2 9 3 1
1 2 4 0 0 3 2 9 3 2
1 2 4 0 1 0 2 9 1 1
1 2 4 0 1 0 2 9 1 2
1 2 4 0 1 0 2 9 2 1
1 2 4 0 1 0 2 9 2 2
1 2 4 0 1 0 2 9 3 1
1 2 4 0 1 0 2 9 3 2
1 2 4 0 1 1 2 9 1 1
1 2 4 0 1 1 2 9 1 2
1 2 4 0 1 1 2 9 2 1
1 2 4 0 1 1 2 9 2 2
1 2 4 0 1 1 2 9 3 1
1 2 4 0 1 1 2 9 3 2
1 2 4 0 1 2 2 9 1 1
1 2 4 0 1 2 2 9 1 2
1 2 4 0 1 2 2 9 2 1
1 2 4 0 1 2 2 9 2 2
1 2 4 0 1 2 2 9 3 1
1 2 4 0 1 2 2 9 3 2
1 2 4 0 1 3 2 9 1 1
1 2 4 0 1 3 2 9 1 2
1 2 4 0 1 3 2 9 2 1
1 2 4 0 1 3 2 9 2 2
1 2 4 0 1 3 2 9 3 1
1 2 4 0 1 3 2 9 3 2
1 2 4 0 2 0 2 9 1 1
1 2 4 0 2 0 2 9 1 2
1 2 4 0 2 0 2 9 2 1
1 2 4 0 2 0 2 9 2 2
1 2 4 0 2 0 2 9 3 1
1 2 4 0 2 0 2 9 3 2
2 0 4 0 0 0 2 9 1 1
2 0 4 0 0 0 2 9 1 2
2 0 4 0 0 0 2 9 2 1
2 0 4 0 0 0 2 9 2 2
2 0 4 0 0 0 2 9 3 1
2 0 4 0 0 0 2 9 3 2
2 0 4 0 0 1 2 9 1 1
2 0 4 0 0 1 2 9 1 2
2 0 4 0 0 1 2 9 2 1
2 0 4 0 0 1 2 9 2 2
2 0 4 0 0 1 2 9 3 1
2 0 4 0 0 1 2 9 3 2
2 0 4 0 0 2 2 9 1 1
2 0 4 0 0 2 2 9 1 2
2 0 4 0 0 2 2 9 2 1
2 0 4 0 0 2 2 9 2 2
2 0 4 0 0 2 2 9 3 1
2 0 4 0 0 2 2 9 3 2
2 0 4 0 0 3 2 9 1 1
2 0 4 0 0 3 2 9 1 2
2 0 4 0 0 3 2 9 2 1
2 0 4 0 0 3 2 9 2 2
2 0 4 0 0 3 2 9 3 1
2 0 4 0 0 3 2 9 3 2
2 0 4 0 1 0 2 9 1 1
2 0 4 0 1 0 2 9 1 2
2 0 4 0 1 0 2 9 2 1
2 0 4 0 1 0 2 9 2 2
2 0 4 0 1 0 2 9 3 1
2 0 4 0 1 0 2 9 3 2
2 0 4 0 1 1 2 9 1 1
2 0 4 0 1 1 2 9 1 2
2 0 4 0 1 1 2 9 2 1
2 0 4 0 1 1 2 9 2 2
2 0 4 0 1 1 2 9 3 1
2 0 4 0 1 1 2 9 3 2
2 0 4 0 1 2 2 9 1 1
2 0 4 0 1 2 2 9 1 2
2 0 4 0 1 2 2 9 2 1
2 0 4 0 1 2 2 9 2 2
2 0 4 0 1 2 2 9 3 1
2 0 4 0 1 2 2 9 3 2
2 0 4 0 1 3 2 9 1 1
2 0 4 0 1 3 2 9 1 2
2 0 4 0 1 3 2 9 2 1
2 0 4 0 1 3 2 9 2 2
2 0 4 0 1 3 2 9 3 1
2 0 4 0 1 3 2 9 3 2
2 0 4 0 2 0 2 9 1 1
2 0 4 0 2 0 2 9 1 2
2 0 4 0 2 0 2 9 2 1
2 0 4 0 2 0 2 9 2 2
2 0 4 0 2 0 2 9 3 1
2 0 4 0 2 0 2 9 3 2
2 2 4 0 0 0 2 9 1 1
2 2 4 0 0 0 2 9 1 2
2 2 4 0 0 0 2 9 2 1
2 2 4 0 0 0 2 9 2 2
2 2 4 0 0 0 2 9 3 1
2 2 4 0 0 0 2 9 3 2
2 2 4 0 0 1 2 9 1 1
2 2 4 0 0 1 2 9 1 2
2 2 4 0 0 1 2 9 2 1
2 2 4 0 0 1 2 9 2 2
2 2 4 0 0 1 2 9 3 1
2 2 4 0 0 1 2 9 3 2
2 2 4 0 0 2 2 9 1 1
2 2 4 0 0 2 2 9 1 2
2 2 4 0 0 2 2 9 2 1
2 2 4 0 0 2 2 9 2 2
2 2 4 0 0 2 2 9 3 1
2 2 4 0 0 2 2 9 3 2
2 2 4 0 0 3 2 9 1 1
2 2 4 0 0 3 2 9 1 2
2 2 4 0 0 3 2 9 2 1
2 2 4 0 0 3 2 9 2 2
2 2 4 0 0 3 2 9 3 1
2 2 4 0 0 3 2 9 3 2
2 2 4 0 1 0 2 9 1 1
2 2 4 0 1 0 2 9 1 2
2 2 4 0 1 0 2 9 2 1
2 2 4 0 1 0 2 9 2 2
2 2 4 0 1 0 2 9 3 1
2 2 4 0 1 0 2 9 3 2
2 2 4 0 1 1 2 9 1 1
2 2 4 0 1 1 2 9 1 2
2 2 4 0 1 1 2 9 2 1
2 2 4 0 1 1 2 9 2 2
2 2 4 0 1 1 2 9 3 1
2 2 4 0 1 1 2 9 3 2
2 2 4 0 1 2 2 9 1 1
2 2 4 0 1 2 2 9 1 2
2 2 4 0 1 2 2 9 2 1
2 2 4 0 1 2 2 9 2 2
2 2 4 0 1 2 2 9 3 1
2 2 4 0 1 2 2 9 3 2
2 2 4 0 1 3 2 9 1 1
2 2 4 0 1 3 2 9 1 2
2 2 4 0 1 3 2 9 2 1
2 2 4 0 1 3 2 9 2 2
2 2 4 0 1 3 2 9 3 1
2 2 4 0 1 3 2 9 3 2
2 2 4 0 2 0 2 9 1 1
2 2 4 0 2 0 2 9 1 2
2 2 4 0 2 0 2 9 2 1
2 2 4 0 2 0 2 9 2 2
2 2 4 0 2 0 2 9 3 1
2 2 4 0 2 0 2 9 3 2
3 0 4 0 0 0 2 9 1 1
3 0 4 0 0 0 2 9 1 2
3 0 4 0 0 0 2 9 2 1
3 0 4 0 0 0 2 9 2 2
3 0 4 0 0 0 2 9 3 1
3 0 4 0 0 0 2 9 3 2
3 0 4 0 0 1 2 9 1 1
3 0 4 0 0 1 2 9 1 2
3 0 4 0 0 1 2 9 2 1
3 0 4 0 0 1 2 9 2 2
3 0 4 0 0 1 2 9 3 1
3 0 4 0 0 1 2 9 3 2
3 0 4 0 0 2 2 9 1 1
3 0 4 0 0 2 2 9 1 2
3 0 4 0 0 2 2 9 2 1
3 0 4 0 0 2 2 9 2 2
3 0 4 0 0 2 2 9 3 1
3 0 4 0 0 2 2 9 3 2
3 0 4 0 0 3 2 9 1 1
3 0 4 0 0 3 2 9 1 2
3 0 4 0 0 3 2 9 2 1
3 0 4 0 0 3 2 9 2 2
3 0 4 0 0 3 2 9 3 1
3 0 4 0 0 3 2 9 3 2
3 0 4 0 1 0 2 9 1 1
3 0 4 0 1 0 2 9 1 2
3 0 4 0 1 0 2 9 2 1
3 0 4 0 1 0 2 9 2 2
3 0 4 0 1 0 2 9 3 1
3 0 4 0 1 0 2 9 3 2
3 0 4 0 1 1 2 9 1 1
3 0 4 0 1 1 2 9 1 2
3 0 4 0 1 1 2 9 2 1
3 0 4 0 1 1 2 9 2 2
3 0 4 0 1 1 2 9 3 1
3 0 4 0 1 1 2 9 3 2
3 0 4 0 1 2 2 9 1 1
3 0 4 0 1 2 2 9 1 2
3 0 4 0 1 2 2 9 2 1
3 0 4 0 1 2 2 9 2 2
3 0 4 0 1 2 2 9 3 1
3 0 4 0 1 2 2 9 3 2
3 0 4 0 1 3 2 9 1 1
3 0 4 0 1 3 2 9 1 2
3 0 4 0 1 3 2 9 2 1
3 0 4 0 1 3 2 9 2 2
3 0 4 0 1 3 2 9 3 1
3 0 4 0 1 3 2 9 3 2
3 0 4 0 2 0 2 9 1 1
3 0 4 0 2 0 2 9 1 2
3 0 4 0 2 0 2 9 2 1
3 0 4 0 2 0 2 9 2 2
3 0 4 0 2 0 2 9 3 1
3 0 4 0 2 0 2 9 3 2
3 2 4 0 0 0 2 9 1 1
3 2 4 0 0 0 2 9 1 2
3 2 4 0 0 0 2 9 2 1
3 2 4 0 0 0 2 9 2 2
3 2 4 0 0 0 2 9 3 1
3 2 4 0 0 0 2 9 3 2
3 2 4 0 0 1 2 9 1 1
3 2 4 0 0 1 2 9 1 2
3 2 4 0 0 1 2 9 2 1
3 2 4 0 0 1 2 9 2 2
3 2 4 0 0 1 2 9 3 1
3 2 4 0 0 1 2 9 3 2
3 2 4 0 0 2 2 9 1 1
3 2 4 0 0 2 2 9 1 2
3 2 4 0 0 2 2 9 2 1
3 2 4 0 0 2 2 9 2 2
3 2 4 0 0 2 2 9 3 1
3 2 4 0 0 2 2 9 3 2
3 2 4 0 0 3 2 9 1 1
3 2 4 0 0 3 2 9 1 2
3 2 4 0 0 3 2 9 2 1
3 2 4 0 0 3 2 9 2 2
3 2 4 0 0 3 2 9 3 1
3 2 4 0 0 3 2 9 3 2
3 2 4 0 1 0 2 9 1 1
3 2 4 0 1 0 2 9 1 2
3 2 4 0 1 0 2 9 2 1
3 2 4 0 1 0 2 9 2 2
3 2 4 0 1 0 2 9 3 1
3 2 4 0 1 0 2 9 3 2
3 2 4 0 1 1 2 9 1 1
3 2 4 0 1 1 2 9 1 2
3 2 4 0 1 1 2 9 2 1
3 2 4 0 1 1 2 9 2 2
3 2 4 0 1 1 2 9 3 1
3 2 4 0 1 1 2 9 3 2
3 2 4 0 1 2 2 9 1 1
3 2 4 0 1 2 2 9 1 2
3 2 4 0 1 2 2 9 2 1
3 2 4 0 1 2 2 9 2 2
3 2 4 0 1 2 2 9 3 1
3 2 4 0 1 2 2 9 3 2
3 2 4 0 1 3 2 9 1 1
3 2 4 0 1 3 2 9 1 2
3 2 4 0 1 3 2 9 2 1
3 2 4 0 1 3 2 9 2 2
3 2 4 0 1 3 2 9 3 1
3 2 4 0 1 3 2 9 3 2
3 2 4 0 2 0 2 9 1 1
3 2 4 0 2 0 2 9 1 2
3 2 4 0 2 0 2 9 2 1
3 2 4 0 2 0 2 9 2 2
3 2 4 0 2 0 2 9 3 1
3 2 4 0 2 0 2 9 3 2
4 0 4 0 0 0 2 9 1 1
4 0 4 0 0 0 2 9 1 2
4 0 4 0 0 0 2 9 2 1
4 0 4 0 0 0 2 9 2 2
4 0 4 0 0 0 2 9 3 1
4 0 4 0 0 0 2 9 3 2
4 0 4 0 0 1 2 9 1 1
4 0 4 0 0 1 2 9 1 2
4 0 4 0 0 1 2 9 2 1
4 0 4 0 0 1 2 9 2 2
4 0 4 0 0 1 2 9 3 1
4 0 4 0 0 1 2 9 3 2
4 0 4 0 0 2 2 9 1 1
4 0 4 0 0 2 2 9 1 2
4 0 4 0 0 2 2 9 2 1
4 0 4 0 0 2 2 9 2 2
4 0 4 0 0 2 2 9 3 1
4 0 4 0 0 2 2 9 3 2
4 0 4 0 0 3 2 9 1 1
4 0 4 0 0 3 2 9 1 2
4 0 4 0 0 3 2 9 2 1
4 0 4 0 0 3 2 9 2 2
4 0 4 0 0 3 2 9 3 1
4 0 4 0 0 3 2 9 3 2
4 0 4 0 1 0 2 9 1 1
4 0 4 0 1 0 2 9 1 2
4 0 4 0 1 0 2 9 2 1
4 0 4 0 1 0 2 9 2 2
4 0 4 0 1 0 2 9 3 1
4 0 4 0 1 0 2 9 3 2
4 0 4 0 1 1 2 9 1 1
4 0 4 0 1 1 2 9 1 2
4 0 4 0 1 1 2 9 2 1
4 0 4 0 1 1 2 9 2 2
4 0 4 0 1 1 2 9 3 1
4 0 4 0 1 1 2 9 3 2
4 0 4 0 1 2 2 9 1 1
4 0 4 0 1 2 2 9 1 2
4 0 4 0 1 2 2 9 2 1
4 0 4 0 1 2 2 9 2 2
4 0 4 0 1 2 2 9 3 1
4 0 4 0 1 2 2 9 3 2
4 0 4 0 1 3 2 9 1 1
4 0 4 0 1 3 2 9 1 2
4 0 4 0 1 3 2 9 2 1
4 0 4 0 1 3 2 9 2 2
4 0 4 0 1 3 2 9 3 1
4 0 4 0 1 3 2 9 3 2
4 0 4 0 2 0 2 9 1 1
4 0 4 0 2 0 2 9 1 2
4 0 4 0 2 0 2 9 2 1
4 0 4 0 2 0 2 9 2 2
4 0 4 0 2 0 2 9 3 1
4 0 4 0 2 0 2 9 3 2
4 2 4 0 0 0 2 9 1 1
4 2 4 0 0 0 2 9 1 2
4 2 4 0 0 0 2 9 2 1
4 2 4 0 0 0 2 9 2 2
4 2 4 0 0 0 2 9 3 1
4 2 4 0 0 0 2 9 3 2
4 2 4 0 0 1 2 9 1 1
4 2 4 0 0 1 2 9 1 2
4 2 4 0 0 1 2 9 2 1
4 2 4 0 0 1 2 9 2 2
4 2 4 0 0 1 2 9 3 1
4 2 4 0 0 1 2 9 3 2
4 2 4 0 0 2 2 9 1 1
4 2 4 0 0 2 2 9 1 2
4 2 4 0 0 2 2 9 2 1
4 2 4 0 0 2 2 9 2 2
4 2 4 0 0 2 2 9 3 1
4 2 4 0 0 2 2 9 3 2
4 2 4 0 0 3 2 9 1 1
4 2 4 0 0 3 2 9 1 2
4 2 4 0 0 3 2 9 2 1
4 2 4 0 0 3 2 9 2 2
4 2 4 0 0 3 2 9 3 1
4 2 4 0 0 3 2 9 3 2
4 2 4 0 1 0 2 9 1 1
4 2 4 0 1 0 2 9 1 2
4 2 4 0 1 0 2 9 2 1
4 2 4 0 1 0 2 9 2 2
4 2 4 0 1 0 2 9 3 1
4 2 4 0 1 0 2 9 3 2
4 2 4 0 1 1 2 9 1 1
4 2 4 0 1 1 2 9 1 2
4 2 4 0 1 1 2 9 2 1
4 2 4 0 1 1 2 9 2 2
4 2 4 0 1 1 2 9 3 1
4 2 4 0 1 1 2 9 3 2
4 2 4 0 1 2 2 9 1 1
4 2 4 0 1 2 2 9 1 2
4 2 4 0 1 2 2 9 2 1
4 2 4 0 1 2 2 9 2 2
4 2 4 0 1 2 2 9 3 1
4 2 4 0 1 2 2 9 3 2
4 2 4 0 1 3 2 9 1 1
4 2 4 0 1 3 2 9 1 2
4 2 4 0 1 3 2 9 2 1
4 2 4 0 1 3 2 9 2 2
4 2 4 0 1 3 2 9 3 1
4 2 4 0 1 3 2 9 3 2
4 2 4 0 2 0 2 9 1 1
4 2 4 0 2 0 2 9 1 2
4 2 4 0 2 0 2 9 2 1
4 2 4 0 2 0 2 9 2 2
4 2 4 0 2 0 2 9 3 1
4 2 4 0 2 0 2 9 3 2
5 0 4 0 0 0 2 9 1 1
5 0 4 0 0 0 2 9 1 2
5 0 4 0 0 0 2 9 2 1
5 0 4 0 0 0 2 9 2 2
5 0 4 0 0 0 2 9 3 1
5 0 4 0 0 0 2 9 3 2
5 0 4 0 0 1 2 9 1 1
5 0 4 0 0 1 2 9 1 2
5 0 4 0 0 1 2 9 2 1
5 0 4 0 0 1 2 9 2 2
5 0 4 0 0 1 2 9 3 1
5 0 4 0 0 1 2 9 3 2
5 0 4 0 0 2 2 9 1 1
5 0 4 0 0 2 2 9 1 2
5 0 4 0 0 2 2 9 2 1
5 0 4 0 0 2 2 9 2 2
5 0 4 0 0 2 2 9 3 1
5 0 4 0 0 2 2 9 3 2
5 0 4 0 0 3 2 9 1 1
5 0 4 0 0 3 2 9 1 2
5 0 4 0 0 3 2 9 2 1
5 0 4 0 0 3 2 9 2 2
5 0 4 0 0 3 2 9 3 1
5 0 4 0 0 3 2 9 3 2
5 0 4 0 1 0 2 9 1 1
5 0 4 0 1 0 2 9 1 2
5 0 4 0 1 0 2 9 2 1
5 0 4 0 1 0 2 9 2 2
5 0 4 0 1 0 2 9 3 1
5 0 4 0 1 0 2 9 3 2
5 0 4 0 1 1 2 9 1 1
5 0 4 0 1 1 2 9 1 2
5 0 4 0 1 1 2 9 2 1
5 0 4 0 1 1 2 9 2 2
5 0 4 0 1 1 2 9 3 1
5 0 4 0 1 1 2 9 3 2
5 0 4 0 1 2 2 9 1 1
5 0 4 0 1 2 2 9 1 2
5 0 4 0 1 2 2 9 2 1
5 0 4 0 1 2 2 9 2 2
5 0 4 0 1 2 2 9 3 1
5 0 4 0 1 2 2 9 3 2
5 0 4 0 1 3 2 9 1 1
5 0 4 0 1 3 2 9 1 2
5 0 4 0 1 3 2 9 2 1
5 0 4 0 1 3 2 9 2 2
5 0 4 0 1 3 2 9 3 1
5 0 4 0 1 3 2 9 3 2
5 0 4 0 2 0 2 9 1 1
5 0 4 0 2 0 2 9 1 2
5 0 4 0 2 0 2 9 2 1
5 0 4 0 2 0 2 9 2 2
5 0 4 0 2 0 2 9 3 1
5 0 4 0 2 0 2 9 3 2
5 2 4 0 0 0 2 9 1 1
5 2 4 0 0 0 2 9 1 2
5 2 4 0 0 0 2 9 2 1
5 2 4 0 0 0 2 9 2 2
5 2 4 0 0 0 2 9 3 1
5 2 4 0 0 0 2 9 3 2
5 2 4 0 0 1 2 9 1 1
5 2 4 0 0 1 2 9 1 2
5 2 4 0 0 1 2 9 2 1
5 2 4 0 0 1 2 9 2 2
5 2 4 0 0 1 2 9 3 1
5 2 4 0 0 1 2 9 3 2
5 2 4 0 0 2 2 9 1 1
5 2 4 0 0 2 2 9 1 2
5 2 4 0 0 2 2 9 2 1
5 2 4 0 0 2 2 9 2 2
5 2 4 0 0 2 2 9 3 1
5 2 4 0 0 2 2 9 3 2
5 2 4 0 0 3 2 9 1 1
5 2 4 0 0 3 2 9 1 2
5 2 4 0 0 3 2 9 2 1
5 2 4 0 0 3 2 9 2 2
5 2 4 0 0 3 2 9 3 1
5 2 4 0 0 3 2 9 3 2
5 2 4 0 1 0 2 9 1 1
5 2 4 0 1 0 2 9 1 2
5 2 4 0 1 0 2 9 2 1
5 2 4 0 1 0 2 9 2 2
5 2 4 0 1 0 2 9 3 1
5 2 4 0 1 0 2 9 3 2
5 2 4 0 1 1 2 9 1 1
5 2 4 0 1 1 2 9 1 2
5 2 4 0 1 1 2 9 2 1
5 2 4 0 1 1 2 9 2 2
5 2 4 0 1 1 2 9 3 1
5 2 4 0 1 1 2 9 3 2
5 2 4 0 1 2 2 9 1 1
5 2 4 0 1 2 2 9 1 2
5 2 4 0 1 2 2 9 2 1
5 2 4 0 1 2 2 9 2 2
5 2 4 0 1 2 2 9 3 1
5 2 4 0 1 2 2 9 3 2
5 2 4 0 1 3 2 9 1 1
5 2 4 0 1 3 2 9 1 2
5 2 4 0 1 3 2 9 2 1
5 2 4 0 1 3 2 9 2 2
5 2 4 0 1 3 2 9 3 1
5 2 4 0 1 3 2 9 3 2
5 2 4 0 2 0 2 9 1 1
5 2 4 0 2 0 2 9 1 2
5 2 4 0 2 0 2 9 2 1
5 2 4 0 2 0 2 9 2 2
5 2 4 0 2 0 2 9 3 1
5 2 4 0 2 0 2 9 3 2
6 0 4 0 0 0 2 9 1 1
6 0 4 0 0 0 2 9 1 2
6 0 4 0 0 0 2 9 2 1
6 0 4 0 0 0 2 9 2 2
6 0 4 0 0 0 2 9 3 1
6 0 4 0 0 0 2 9 3 2
6 0 4 0 0 1 2 9 1 1
6 0 4 0 0 1 2 9 1 2
6 0 4 0 0 1 2 9 2 1
6 0 4 0 0 1 2 9 2 2
6 0 4 0 0 1 2 9 3 1
6 0 4 0 0 1 2 9 3 2
6 0 4 0 0 2 2 9 1 1
6 0 4 0 0 2 2 9 1 2
6 0 4 0 0 2 2 9 2 1
6 0 4 0 0 2 2 9 2 2
6 0 4 0 0 2 2 9 3 1
6 0 4 0 0 2 2 9 3 2
6 0 4 0 0 3 2 9 1 1
6 0 4 0 0 3 2 9 1 2
6 0 4 0 0 3 2 9 2 1
6 0 4 0 0 3 2 9 2 2
6 0 4 0 0 3 2 9 3 1
6 0 4 0 0 3 2 9 3 2
6 0 4 0 1 0 2 9 1 1
6 0 4 0 1 0 2 9 1 2
6 0 4 0 1 0 2 9 2 1
6 0 4 0 1 0 2 9 2 2
6 0 4 0 1 0 2 9 3 1
6 0 4 0 1 0 2 9 3 2
6 0 4 0 1 1 2 9 1 1
6 0 4 0 1 1 2 9 1 2
6 0 4 0 1 1 2 9 2 1
6 0 4 0 1 1 2 9 2 2
6 0 4 0 1 1 2 9 3 1
6 0 4 0 1 1 2 9 3 2
6 0 4 0 1 2 2 9 1 1
6 0 4 0 1 2 2 9 1 2
6 0 4 0 1 2 2 9 2 1
6 0 4 0 1 2 2 9 2 2
6 0 4 0 1 2 2 9 3 1
6 0 4 0 1 2 2 9 3 2
6 0 4 0 1 3 2 9 1 1
6 0 4 0 1 3 2 9 1 2
6 0 4 0 1 3 2 9 2 1
6 0 4 0 1 3 2 9 2 2
6 0 4 0 1 3 2 9 3 1
6 0 4 0 1 3 2 9 3 2
6 0 4 0 2 0 2 9 1 1
6 0 4 0 2 0 2 9 1 2
6 0 4 0 2 0 2 9 2 1
6 0 4 0 2 0 2 9 2 2
6 0 4 0 2 0 2 9 3 1
6 0 4 0 2 0 2 9 3 2
6 2 4 0 0 0 2 9 1 1
6 2 4 0 0 0 2 9 1 2
6 2 4 0 0 0 2 9 2 1
6 2 4 0 0 0 2 9 2 2
6 2 4 0 0 0 2 9 3 1
6 2 4 0 0 0 2 9 3 2
6 2 4 0 0 1 2 9 1 1
6 2 4 0 0 1 2 9 1 2
6 2 4 0 0 1 2 9 2 1
6 2 4 0 0 1 2 9 2 2
6 2 4 0 0 1 2 9 3 1
6 2 4 0 0 1 2 9 3 2
6 2 4 0 0 2 2 9 1 1
6 2 4 0 0 2 2 9 1 2
6 2 4 0 0 2 2 9 2 1
6 2 4 0 0 2 2 9 2 2
6 2 4 0 0 2 2 9 3 1
6 2 4 0 0 2 2 9 3 2
6 2 4 0 0 3 2 9 1 1
6 2 4 0 0 3 2 9 1 2
6 2 4 0 0 3 2 9 2 1
6 2 4 0 0 3 2 9 2 2
6 2 4 0 0 3 2 9 3 1
6 2 4 0 0 3 2 9 3 2
6 2 4 0 1 0 2 9 1 1
6 2 4 0 1 0 2 9 1 2
6 2 4 0 1 0 2 9 2 1
6 2 4 0 1 0 2 9 2 2
6 2 4 0 1 0 2 9 3 1
6 2 4 0 1 0 2 9 3 2
6 2 4 0 1 1 2 9 1 1
6 2 4 0 1 1 2 9 1 2
6 2 4 0 1 1 2 9 2 1
6 2 4 0 1 1 2 9 2 2
6 2 4 0 1 1 2 9 3 1
6 2 4 0 1 1 2 9 3 2
6 2 4 0 1 2 2 9 1 1
6 2 4 0 1 2 2 9 1 2
6 2 4 0 1 2 2 9 2 1
6 2 4 0 1 2 2 9 2 2
6 2 4 0 1 2 2 9 3 1
6 2 4 0 1 2 2 9 3 2
6 2 4 0 1 3 2 9 1 1
6 2 4 0 1 3 2 9 1 2
6 2 4 0 1 3 2 9 2 1
6 2 4 0 1 3 2 9 2 2
6 2 4 0 1 3 2 9 3 1
6 2 4 0 1 3 2 9 3 2
6 2 4 0 2 0 2 9 1 1
6 2 4 0 2 0 2 9 1 2
6 2 4 0 2 0 2 9 2 1
6 2 4 0 2 0 2 9 2 2
6 2 4 0 2 0 2 9 3 1
6 2 4 0 2 0 2 9 3 2
7 0 4 0 0 0 2 9 1 1
7 0 4 0 0 0 2 9 1 2
7 0 4 0 0 0 2 9 2 1
7 0 4 0 0 0 2 9 2 2
7 0 4 0 0 0 2 9 3 1
7 0 4 0 0 0 2 9 3 2
7 0 4 0 0 1 2 9 1 1
7 0 4 0 0 1 2 9 1 2
7 0 4 0 0 1 2 9 2 1
7 0 4 0 0 1 2 9 2 2
7 0 4 0 0 1 2 9 3 1
7 0 4 0 0 1 2 9 3 2
7 0 4 0 0 2 2 9 1 1
7 0 4 0 0 2 2 9 1 2
7 0 4 0 0 2 2 9 2 1
7 0 4 0 0 2 2 9 2 2
7 0 4 0 0 2 2 9 3 1
7 0 4 0 0 2 2 9 3 2
7 0 4 0 0 3 2 9 1 1
7 0 4 0 0 3 2 9 1 2
7 0 4 0 0 3 2 9 2 1
7 0 4 0 0 3 2 9 2 2
7 0 4 0 0 3 2 9 3 1
7 0 4 0 0 3 2 9 3 2
7 0 4 0 1 0 2 9 1 1
7 0 4 0 1 0 2 9 1 2
7 0 4 0 1 0 2 9 2 1
7 0 4 0 1 0 2 9 2 2
7 0 4 0 1 0 2 9 3 1
7 0 4 0 1 0 2 9 3 2
7 0 4 0 1 1 2 9 1 1
7 0 4 0 1 1 2 9 1 2
7 0 4 0 1 1 2 9 2 1
7 0 4 0 1 1 2 9 2 2
7 0 4 0 1 1 2 9 3 1
7 0 4 0 1 1 2 9 3 2
7 0 4 0 1 2 2 9 1 1
7 0 4 0 1 2 2 9 1 2
7 0 4 0 1 2 2 9 2 1
7 0 4 0 1 2 2 9 2 2
7 0 4 0 1 2 2 9 3 1
7 0 4 0 1 2 2 9 3 2
7 0 4 0 1 3 2 9 1 1
7 0 4 0 1 3 2 9 1 2
7 0 4 0 1 3 2 9 2 1
7 0 4 0 1 3 2 9 2 2
7 0 4 0 1 3 2 9 3 1
7 0 4 0 1 3 2 9 3 2
7 0 4 0 2 0 2 9 1 1
7 0 4 0 2 0 2 9 1 2
7 0 4 0 2 0 2 9 2 1
7 0 4 0 2 0 2 9 2 2
7 0 4 0 2 0 2 9 3 1
7 0 4 0 2 0 2 9 3 2
7 2 4 0 0 0 2 9 1 1
7 2 4 0 0 0 2 9 1 2
7 2 4 0 0 0 2 9 2 1
7 2 4 0 0 0 2 9 2 2
7 2 4 0 0 0 2 9 3 1
7 2 4 0 0 0 2 9 3 2
7 2 4 0 0 1 2 9 1 1
7 2 4 0 0 1 2 9 1 2
7 2 4 0 0 1 2 9 2 1
7 2 4 0 0 1 2 9 2 2
7 2 4 0 0 1 2 9 3 1
7 2 4 0 0 1 2 9 3 2
7 2 4 0 0 2 2 9 1 1
7 2 4 0 0 2 2 9 1 2
7 2 4 0 0 2 2 9 2 1
7 2 4 0 0 2 2 9 2 2
7 2 4 0 0 2 2 9 3 1
7 2 4 0 0 2 2 9 3 2
7 2 4 0 0 3 2 9 1 1
7 2 4 0 0 3 2 9 1 2
7 2 4 0 0 3 2 9 2 1
7 2 4 0 0 3 2 9 2 2
7 2 4 0 0 3 2 9 3 1
7 2 4 0 0 3 2 9 3 2
7 2 4 0 1 0 2 9 1 1
7 2 4 0 1 0 2 9 1 2
7 2 4 0 1 0 2 9 2 1
7 2 4 0 1 0 2 9 2 2
7 2 4 0 1 0 2 9 3 1
7 2 4 0 1 0 2 9 3 2
7 2 4 0 1 1 2 9 1 1
7 2 4 0 1 1 2 9 1 2
7 2 4 0 1 1 2 9 2 1
7 2 4 0 1 1 2 9 2 2
7 2 4 0 1 1 2 9 3 1
7 2 4 0 1 1 2 9 3 2
7 2 4 0 1 2 2 9 1 1
7 2 4 0 1 2 2 9 1 2
7 2 4 0 1 2 2 9 2 1
7 2 4 0 1 2 2 9 2 2
7 2 4 0 1 2 2 9 3 1
7 2 4 0 1 2 2 9 3 2
7 2 4 0 1 3 2 9 1 1
7 2 4 0 1 3 2 9 1 2
7 2 4 0 1 3 2 9 2 1
7 2 4 0 1 3 2 9 2 2
7 2 4 0 1 3 2 9 3 1
7 2 4 0 1 3 2 9 3 2
7 2 4 0 2 0 2 9 1 1
7 2 4 0 2 0 2 9 1 2
7 2 4 0 2 0 2 9 2 1
7 2 4 0 2 0 2 9 2 2
7 2 4 0 2 0 2 9 3 1
7 2 4 0 2 0 2 9 3 2
8 0 4 0 0 0 2 9 1 1
8 0 4 0 0 0 2 9 1 2
8 0 4 0 0 0 2 9 2 1
8 0 4 0 0 0 2 9 2 2
8 0 4 0 0 0 2 9 3 1
8 0 4 0 0 0 2 9 3 2
8 0 4 0 0 1 2 9 1 1
8 0 4 0 0 1 2 9 1 2
8 0 4 0 0 1 2 9 2 1
8 0 4 0 0 1 2 9 2 2
8 0 4 0 0 1 2 9 3 1
8 0 4 0 0 1 2 9 3 2
8 0 4 0 0 2 2 9 1 1
8 0 4 0 0 2 2 9 1 2
8 0 4 0 0 2 2 9 2 1
8 0 4 0 0 2 2 9 2 2
8 0 4 0 0 2 2 9 3 1
8 0 4 0 0 2 2 9 3 2
8 0 4 0 0 3 2 9 1 1
8 0 4 0 0 3 2 9 1 2
8 0 4 0 0 3 2 9 2 1
8 0 4 0 0 3 2 9 2 2
8 0 4 0 0 3 2 9 3 1
8 0 4 0 0 3 2 9 3 2
8 0 4 0 1 0 2 9 1 1
8 0 4 0 1 0 2 9 1 2
8 0 4 0 1 0 2 9 2 1
8 0 4 0 1 0 2 9 2 2
8 0 4 0 1 0 2 9 3 1
8 0 4 0 1 0 2 9 3 2
8 0 4 0 1 1 2 9 1 1
8 0 4 0 1 1 2 9 1 2
8 0 4 0 1 1 2 9 2 1
8 0 4 0 1 1 2 9 2 2
8 0 4 0 1 1 2 9 3 1
8 0 4 0 1 1 2 9 3 2
8 0 4 0 1 2 2 9 1 1
8 0 4 0 1 2 2 9 1 2
8 0 4 0 1 2 2 9 2 1
8 0 4 0 1 2 2 9 2 2
8 0 4 0 1 2 2 9 3 1
8 0 4 0 1 2 2 9 3 2
8 0 4 0 1 3 2 9 1 1
8 0 4 0 1 3 2 9 1 2
8 0 4 0 1 3 2 9 2 1
8 0 4 0 1 3 2 9 2 2
8 0 4 0 1 3 2 9 3 1
8 0 4 0 1 3 2 9 3 2
8 0 4 0 2 0 2 9 1 1
8 0 4 0 2 0 2 9 1 2
8 0 4 0 2 0 2 9 2 1
8 0 4 0 2 0 2 9 2 2
8 0 4 0 2 0 2 9 3 1
8 0 4 0 2 0 2 9 3 2
8 2 4 0 0 0 2 9 1 1
8 2 4 0 0 0 2 9 1 2
8 2 4 0 0 0 2 9 2 1
8 2 4 0 0 0 2 9 2 2
8 2 4 0 0 0 2 9 3 1
8 2 4 0 0 0 2 9 3 2
8 2 4 0 0 1 2 9 1 1
8 2 4 0 0 1 2 9 1 2
8 2 4 0 0 1 2 9 2 1
8 2 4 0 0 1 2 9 2 2
8 2 4 0 0 1 2 9 3 1
8 2 4 0 0 1 2 9 3 2
8 2 4 0 0 2 2 9 1 1
8 2 4 0 0 2 2 9 1 2
8 2 4 0 0 2 2 9 2 1
8 2 4 0 0 2 2 9 2 2
8 2 4 0 0 2 2 9 3 1
8 2 4 0 0 2 2 9 3 2
8 2 4 0 0 3 2 9 1 1
8 2 4 0 0 3 2 9 1 2
8 2 4 0 0 3 2 9 2 1
8 2 4 0 0 3 2 9 2 2
8 2 4 0 0 3 2 9 3 1
8 2 4 0 0 3 2 9 3 2
8 2 4 0 1 0 2 9 1 1
8 2 4 0 1 0 2 9 1 2
8 2 4 0 1 0 2 9 2 1
8 2 4 0 1 0 2 9 2 2
8 2 4 0 1 0 2 9 3 1
8 2 4 0 1 0 2 9 3 2
8 2 4 0 1 1 2 9 1 1
8 2 4 0 1 1 2 9 1 2
8 2 4 0 1 1 2 9 2 1
8 2 4 0 1 1 2 9 2 2
8 2 4 0 1 1 2 9 3 1
8 2 4 0 1 1 2 9 3 2
8 2 4 0 1 2 2 9 1 1
8 2 4 0 1 2 2 9 1 2
8 2 4 0 1 2 2 9 2 1
8 2 4 0 1 2 2 9 2 2
8 2 4 0 1 2 2 9 3 1
8 2 4 0 1 2 2 9 3 2
8 2 4 0 1 3 2 9 1 1
8 2 4 0 1 3 2 9 1 2
8 2 4 0 1 3 2 9 2 1
8 2 4 0 1 3 2 9 2 2
8 2 4 0 1 3 2 9 3 1
8 2 4 0 1 3 2 9 3 2
8 2 4 0 2 0 2 9 1 1
8 2 4 0 2 0 2 9 1 2
8 2 4 0 2 0 2 9 2 1
8 2 4 0 2 0 2 9 2 2
8 2 4 0 2 0 2 9 3 1
8 2 4 0 2 0 2 9 3 2
9 0 4 0 0 0 2 9 1 1
9 0 4 0 0 0 2 9 1 2
9 0 4 0 0 0 2 9 2 1
9 0 4 0 0 0 2 9 2 2
9 0 4 0 0 0 2 9 3 1
9 0 4 0 0 0 2 9 3 2
9 0 4 0 0 1 2 9 1 1
9 0 4 0 0 1 2 9 1 2
9 0 4 0 0 1 2 9 2 1
9 0 4 0 0 1 2 9 2 2
9 0 4 0 0 1 2 9 3 1
9 0 4 0 0 1 2 9 3 2
9 0 4 0 0 2 2 9 1 1
9 0 4 0 0 2 2 9 1 2
9 0 4 0 0 2 2 9 2 1
9 0 4 0 0 2 2 9 2 2
9 0 4 0 0 2 2 9 3 1
9 0 4 0 0 2 2 9 3 2
9 0 4 0 0 3 2 9 1 1
9 0 4 0 0 3 2 9 1 2
9 0 4 0 0 3 2 9 2 1
9 0 4 0 0 3 2 9 2 2
9 0 4 0 0 3 2 9 3 1
9 0 4 0 0 3 2 9 3 2
9 0 4 0 1 0 2 9 1 1
9 0 4 0 1 0 2 9 1 2
9 0 4 0 1 0 2 9 2 1
9 0 4 0 1 0 2 9 2 2
9 0 4 0 1 0 2 9 3 1
9 0 4 0 1 0 2 9 3 2
9 0 4 0 1 1 2 9 1 1
9 0 4 0 1 1 2 9 1 2
9 0 4 0 1 1 2 9 2 1
9 0 4 0 1 1 2 9 2 2
9 0 4 0 1 1 2 9 3 1
9 0 4 0 1 1 2 9 3 2
9 0 4 0 1 2 2 9 1 1
9 0 4 0 1 2 2 9 1 2
9 0 4 0 1 2 2 9 2 1
9 0 4 0 1 2 2 9 2 2
9 0 4 0 1 2 2 9 3 1
9 0 4 0 1 2 2 9 3 2
9 0 4 0 1 3 2 9 1 1
9 0 4 0 1 3 2 9 1 2
9 0 4 0 1 3 2 9 2 1
9 0 4 0 1 3 2 9 2 2
9 0 4 0 1 3 2 9 3 1
9 0 4 0 1 3 2 9 3 2
9 0 4 0 2 0 2 9 1 1
9 0 4 0 2 0 2 9 1 2
9 0 4 0 2 0 2 9 2 1
9 0 4 0 2 0 2 9 2 2
9 0 4 0 2 0 2 9 3 1
9 0 4 0 2 0 2 9 3 2
9 2 4 0 0 0 2 9 1 1
9 2 4 0 0 0 2 9 1 2
9 2 4 0 0 0 2 9 2 1
9 2 4 0 0 0 2 9 2 2
9 2 4 0 0 0 2 9 3 1
9 2 4 0 0 0 2 9 3 2
9 2 4 0 0 1 2 9 1 1
9 2 4 0 0 1 2 9 1 2
9 2 4 0 0 1 2 9 2 1
9 2 4 0 0 1 2 9 2 2
9 2 4 0 0 1 2 9 3 1
9 2 4 0 0 1 2 9 3 2
9 2 4 0 0 2 2 9 1 1
9 2 4 0 0 2 2 9 1 2
9 2 4 0 0 2 2 9 2 1
9 2 4 0 0 2 2 9 2 2
9 2 4 0 0 2 2 9 3 1
9 2 4 0 0 2 2 9 3 2
9 2 4 0 0 3 2 9 1 1
9 2 4 0 0 3 2 9 1 2
9 2 4 0 0 3 2 9 2 1
9 2 4 0 0 3 2 9 2 2
9 2 4 0 0 3 2 9 3 1
9 2 4 0 0 3 2 9 3 2
9 2 4 0 1 0 2 9 1 1
9 2 4 0 1 0 2 9 1 2
9 2 4 0 1 0 2 9 2 1
9 2 4 0 1 0 2 9 2 2
9 2 4 0 1 0 2 9 3 1
9 2 4 0 1 0 2 9 3 2
9 2 4 0 1 1 2 9 1 1
9 2 4 0 1 1 2 9 1 2
9 2 4 0 1 1 2 9 2 1
9 2 4 0 1 1 2 9 2 2
9 2 4 0 1 1 2 9 3 1
9 2 4 0 1 1 2 9 3 2
9 2 4 0 1 2 2 9 1 1
9 2 4 0 1 2 2 9 1 2
9 2 4 0 1 2 2 9 2 1
9 2 4 0 1 2 2 9 2 2
9 2 4 0 1 2 2 9 3 1
9 2 4 0 1 2 2 9 3 2
9 2 4 0 1 3 2 9 1 1
9 2 4 0 1 3 2 9 1 2
9 2 4 0 1 3 2 9 2 1
9 2 4 0 1 3 2 9 2 2
9 2 4 0 1 3 2 9 3 1
9 2 4 0 1 3 2 9 3 2
9 2 4 0 2 0 2 9 1 1
9 2 4 0 2 0 2 9 1 2
9 2 4 0 2 0 2 9 2 1
9 2 4 0 2 0 2 9 2 2
9 2 4 0 2 0 2 9 3 1
9 2 4 0 2 0 2 9 3 2
10 0 4 0 0 0 2 9 1 1
10 0 4 0 0 0 2 9 1 2
10 0 4 0 0 0 2 9 2 1
10 0 4 0 0 0 2 9 2 2
10 0 4 0 0 0 2 9 3 1
10 0 4 0 0 0 2 9 3 2
10 0 4 0 0 1 2 9 1 1
10 0 4 0 0 1 2 9 1 2
10 0 4 0 0 1 2 9 2 1
10 0 4 0 0 1 2 9 2 2
10 0 4 0 0 1 2 9 3 1
10 0 4 0 0 1 2 9 3 2
10 0 4 0 0 2 2 9 1 1
10 0 4 0 0 2 2 9 1 2
10 0 4 0 0 2 2 9 2 1
10 0 4 0 0 2 2 9 2 2
10 0 4 0 0 2 2 9 3 1
10 0 4 0 0 2 2 9 3 2
10 0 4 0 0 3 2 9 1 1
10 0 4 0 0 3 2 9 1 2
10 0 4 0 0 3 2 9 2 1
10 0 4 0 0 3 2 9 2 2
10 0 4 0 0 3 2 9 3 1
10 0 4 0 0 3 2 9 3 2
10 0 4 0 1 0 2 9 1 1
10 0 4 0 1 0 2 9 1 2
10 0 4 0 1 0 2 9 2 1
10 0 4 0 1 0 2 9 2 2
10 0 4 0 1 0 2 9 3 1
10 0 4 0 1 0 2 9 3 2
10 0 4 0 1 1 2 9 1 1
10 0 4 0 1 1 2 9 1 2
10 0 4 0 1 1 2 9 2 1
10 0 4 0 1 1 2 9 2 2
10 0 4 0 1 1 2 9 3 1
10 0 4 0 1 1 2 9 3 2
10 0 4 0 1 2 2 9 1 1
10 0 4 0 1 2 2 9 1 2
10 0 4 0 1 2 2 9 2 1
10 0 4 0 1 2 2 9 2 2
10 0 4 0 1 2 2 9 3 1
10 0 4 0 1 2 2 9 3 2
10 0 4 0 1 3 2 9 1 1
10 0 4 0 1 3 2 9 1 2
10 0 4 0 1 3 2 9 2 1
10 0 4 0 1 3 2 9 2 2
10 0 4 0 1 3 2 9 3 1
10 0 4 0 1 3 2 9 3 2
10 0 4 0 2 0 2 9 1 1
10 0 4 0 2 0 2 9 1 2
10 0 4 0 2 0 2 9 2 1
10 0 4 0 2 0 2 9 2 2
10 0 4 0 2 0 2 9 3 1
10 0 4 0 2 0 2 9 3 2
10 2 4 0 0 0 2 9 1 1
10 2 4 0 0 0 2 9 1 2
10 2 4 0 0 0 2 9 2 1
10 2 4 0 0 0 2 9 2 2
10 2 4 0 0 0 2 9 3 1
10 2 4 0 0 0 2 9 3 2
10 2 4 0 0 1 2 9 1 1
10 2 4 0 0 1 2 9 1 2
10 2 4 0 0 1 2 9 2 1
10 2 4 0 0 1 2 9 2 2
10 2 4 0 0 1 2 9 3 1
10 2 4 0 0 1 2 9 3 2
10 2 4 0 0 2 2 9 1 1
10 2 4 0 0 2 2 9 1 2
10 2 4 0 0 2 2 9 2 1
10 2 4 0 0 2 2 9 2 2
10 2 4 0 0 2 2 9 3 1
10 2 4 0 0 2 2 9 3 2
10 2 4 0 0 3 2 9 1 1
10 2 4 0 0 3 2 9 1 2
10 2 4 0 0 3 2 9 2 1
10 2 4 0 0 3 2 9 2 2
10 2 4 0 0 3 2 9 3 1
10 2 4 0 0 3 2 9 3 2
10 2 4 0 1 0 2 9 1 1
10 2 4 0 1 0 2 9 1 2
10 2 4 0 1 0 2 9 2 1
10 2 4 0 1 0 2 9 2 2
10 2 4 0 1 0 2 9 3 1
10 2 4 0 1 0 2 9 3 2
10 2 4 0 1 1 2 9 1 1
10 2 4 0 1 1 2 9 1 2
10 2 4 0 1 1 2 9 2 1
10 2 4 0 1 1 2 9 2 2
10 2 4 0 1 1 2 9 3 1
10 2 4 0 1 1 2 9 3 2
10 2 4 0 1 2 2 9 1 1
10 2 4 0 1 2 2 9 1 2
10 2 4 0 1 2 2 9 2 1
10 2 4 0 1 2 2 9 2 2
10 2 4 0 1 2 2 9 3 1
10 2 4 0 1 2 2 9 3 2
10 2 4 0 1 3 2 9 1 1
10 2 4 0 1 3 2 9 1 2
10 2 4 0 1 3 2 9 2 1
10 2 4 0 1 3 2 9 2 2
10 2 4 0 1 3 2 9 3 1
10 2 4 0 1 3 2 9 3 2
10 2 4 0 2 0 2 9 1 1
10 2 4 0 2 0 2 9 1 2
10 2 4 0 2 0 2 9 2 1
10 2 4 0 2 0 2 9 2 2
10 2 4 0 2 0 2 9 3 1
10 2 4 0 2 0 2 9 3 2
11 0 4 0 0 0 2 9 1 1
11 0 4 0 0 0 2 9 1 2
11 0 4 0 0 0 2 9 2 1
11 0 4 0 0 0 2 9 2 2
11 0 4 0 0 0 2 9 3 1
11 0 4 0 0 0 2 9 3 2
11 0 4 0 0 1 2 9 1 1
11 0 4 0 0 1 2 9 1 2
11 0 4 0 0 1 2 9 2 1
11 0 4 0 0 1 2 9 2 2
11 0 4 0 0 1 2 9 3 1
11 0 4 0 0 1 2 9 3 2
11 0 4 0 0 2 2 9 1 1
11 0 4 0 0 2 2 9 1 2
11 0 4 0 0 2 2 9 2 1
11 0 4 0 0 2 2 9 2 2
11 0 4 0 0 2 2 9 3 1
11 0 4 0 0 2 2 9 3 2
11 0 4 0 0 3 2 9 1 1
11 0 4 0 0 3 2 9 1 2
11 0 4 0 0 3 2 9 2 1
11 0 4 0 0 3 2 9 2 2
11 0 4 0 0 3 2 9 3 1
11 0 4 0 0 3 2 9 3 2
11 0 4 0 1 0 2 9 1 1
11 0 4 0 1 0 2 9 1 2
11 0 4 0 1 0 2 9 2 1
11 0 4 0 1 0 2 9 2 2
11 0 4 0 1 0 2 9 3 1
11 0 4 0 1 0 2 9 3 2
11 0 4 0 1 1 2 9 1 1
11 0 4 0 1 1 2 9 1 2
11 0 4 0 1 1 2 9 2 1
11 0 4 0 1 1 2 9 2 2
11 0 4 0 1 1 2 9 3 1
11 0 4 0 1 1 2 9 3 2
11 0 4 0 1 2 2 9 1 1
11 0 4 0 1 2 2 9 1 2
11 0 4 0 1 2 2 9 2 1
11 0 4 0 1 2 2 9 2 2
11 0 4 0 1 2 2 9 3 1
11 0 4 0 1 2 2 9 3 2
11 0 4 0 1 3 2 9 1 1
11 0 4 0 1 3 2 9 1 2
11 0 4 0 1 3 2 9 2 1
11 0 4 0 1 3 2 9 2 2
11 0 4 0 1 3 2 9 3 1
11 0 4 0 1 3 2 9 3 2
11 0 4 0 2 0 2 9 1 1
11 0 4 0 2 0 2 9 1 2
11 0 4 0 2 0 2 9 2 1
11 0 4 0 2 0 2 9 2 2
11 0 4 0 2 0 2 9 3 1
11 0 4 0 2 0 2 9 3 2
11 2 4 0 0 0 2 9 1 1
11 2 4 0 0 0 2 9 1 2
11 2 4 0 0 0 2 9 2 1
11 2 4 0 0 0 2 9 2 2
11 2 4 0 0 0 2 9 3 1
11 2 4 0 0 0 2 9 3 2
11 2 4 0 0 1 2 9 1 1
11 2 4 0 0 1 2 9 1 2
11 2 4 0 0 1 2 9 2 1
11 2 4 0 0 1 2 9 2 2
11 2 4 0 0 1 2 9 3 1
11 2 4 0 0 1 2 9 3 2
11 2 4 0 0 2 2 9 1 1
11 2 4 0 0 2 2 9 1 2
11 2 4 0 0 2 2 9 2 1
11 2 4 0 0 2 2 9 2 2
11 2 4 0 0 2 2 9 3 1
11 2 4 0 0 2 2 9 3 2
11 2 4 0 0 3 2 9 1 1
11 2 4 0 0 3 2 9 1 2
11 2 4 0 0 3 2 9 2 1
11 2 4 0 0 3 2 9 2 2
11 2 4 0 0 3 2 9 3 1
11 2 4 0 0 3 2 9 3 2
11 2 4 0 1 0 2 9 1 1
11 2 4 0 1 0 2 9 1 2
11 2 4 0 1 0 2 9 2 1
11 2 4 0 1 0 2 9 2 2
11 2 4 0 1 0 2 9 3 1
11 2 4 0 1 0 2 9 3 2
11 2 4 0 1 1 2 9 1 1
11 2 4 0 1 1 2 9 1 2
11 2 4 0 1 1 2 9 2 1
11 2 4 0 1 1 2 9 2 2
11 2 4 0 1 1 2 9 3 1
11 2 4 0 1 1 2 9 3 2
11 2 4 0 1 2 2 9 1 1
11 2 4 0 1 2 2 9 1 2
11 2 4 0 1 2 2 9 2 1
11 2 4 0 1 2 2 9 2 2
11 2 4 0 1 2 2 9 3 1
11 2 4 0 1 2 2 9 3 2
11 2 4 0 1 3 2 9 1 1
11 2 4 0 1 3 2 9 1 2
11 2 4 0 1 3 2 9 2 1
11 2 4 0 1 3 2 9 2 2
11 2 4 0 1 3 2 9 3 1
11 2 4 0 1 3 2 9 3 2
11 2 4 0 2 0 2 9 1 1
11 2 4 0 2 0 2 9 1 2
11 2 4 0 2 0 2 9 2 1
11 2 4 0 2 0 2 9 2 2
11 2 4 0 2 0 2 9 3 1
11 2 4 0 2 0 2 9 3 2
12 0 4 0 0 0 2 9 1 1
12 0 4 0 0 0 2 9 1 2
12 0 4 0 0 0 2 9 2 1
12 0 4 0 0 0 2 9 2 2
12 0 4 0 0 0 2 9 3 1
12 0 4 0 0 0 2 9 3 2
12 0 4 0 0 1 2 9 1 1
12 0 4 0 0 1 2 9 1 2
12 0 4 0 0 1 2 9 2 1
12 0 4 0 0 1 2 9 2 2
12 0 4 0 0 1 2 9 3 1
12 0 4 0 0 1 2 9 3 2
12 0 4 0 0 2 2 9 1 1
12 0 4 0 0 2 2 9 1 2
12 0 4 0 0 2 2 9 2 1
12 0 4 0 0 2 2 9 2 2
12 0 4 0 0 2 2 9 3 1
12 0 4 0 0 2 2 9 3 2
12 0 4 0 0 3 2 9 1 1
12 0 4 0 0 3 2 9 1 2
12 0 4 0 0 3 2 9 2 1
12 0 4 0 0 3 2 9 2 2
12 0 4 0 0 3 2 9 3 1
12 0 4 0 0 3 2 9 3 2
12 0 4 0 1 0 2 9 1 1
12 0 4 0 1 0 2 9 1 2
12 0 4 0 1 0 2 9 2 1
12 0 4 0 1 0 2 9 2 2
12 0 4 0 1 0 2 9 3 1
12 0 4 0 1 0 2 9 3 2
12 0 4 0 1 1 2 9 1 1
12 0 4 0 1 1 2 9 1 2
12 0 4 0 1 1 2 9 2 1
12 0 4 0 1 1 2 9 2 2
12 0 4 0 1 1 2 9 3 1
12 0 4 0 1 1 2 9 3 2
12 0 4 0 1 2 2 9 1 1
12 0 4 0 1 2 2 9 1 2
12 0 4 0 1 2 2 9 2 1
12 0 4 0 1 2 2 9 2 2
12 0 4 0 1 2 2 9 3 1
12 0 4 0 1 2 2 9 3 2
12 0 4 0 1 3 2 9 1 1
12 0 4 0 1 3 2 9 1 2
12 0 4 0 1 3 2 9 2 1
12 0 4 0 1 3 2 9 2 2
12 0 4 0 1 3 2 9 3 1
12 0 4 0 1 3 2 9 3 2
12 0 4 0 2 0 2 9 1 1
12 0 4 0 2 0 2 9 1 2
12 0 4 0 2 0 2 9 2 1
12 0 4 0 2 0 2 9 2 2
12 0 4 0 2 0 2 9 3 1
12 0 4 0 2 0 2 9 3 2
12 2 4 0 0 0 2 9 1 1
12 2 4 0 0 0 2 9 1 2
12 2 4 0 0 0 2 9 2 1
12 2 4 0 0 0 2 9 2 2
12 2 4 0 0 0 2 9 3 1
12 2 4 0 0 0 2 9 3 2
12 2 4 0 0 1 2 9 1 1
12 2 4 0 0 1 2 9 1 2
12 2 4 0 0 1 2 9 2 1
12 2 4 0 0 1 2 9 2 2
12 2 4 0 0 1 2 9 3 1
12 2 4 0 0 1 2 9 3 2
12 2 4 0 0 2 2 9 1 1
12 2 4 0 0 2 2 9 1 2
12 2 4 0 0 2 2 9 2 1
12 2 4 0 0 2 2 9 2 2
12 2 4 0 0 2 2 9 3 1
12 2 4 0 0 2 2 9 3 2
12 2 4 0 0 3 2 9 1 1
12 2 4 0 0 3 2 9 1 2
12 2 4 0 0 3 2 9 2 1
12 2 4 0 0 3 2 9 2 2
12 2 4 0 0 3 2 9 3 1
12 2 4 0 0 3 2 9 3 2
12 2 4 0 1 0 2 9 1 1
12 2 4 0 1 0 2 9 1 2
12 2 4 0 1 0 2 9 2 1
12 2 4 0 1 0 2 9 2 2
12 2 4 0 1 0 2 9 3 1
12 2 4 0 1 0 2 9 3 2
12 2 4 0 1 1 2 9 1 1
12 2 4 0 1 1 2 9 1 2
12 2 4 0 1 1 2 9 2 1
12 2 4 0 1 1 2 9 2 2
12 2 4 0 1 1 2 9 3 1
12 2 4 0 1 1 2 9 3 2
12 2 4 0 1 2 2 9 1 1
12 2 4 0 1 2 2 9 1 2
12 2 4 0 1 2 2 9 2 1
12 2 4 0 1 2 2 9 2 2
12 2 4 0 1 2 2 9 3 1
12 2 4 0 1 2 2 9 3 2
12 2 4 0 1 3 2 9 1 1
12 2 4 0 1 3 2 9 1 2
12 2 4 0 1 3 2 9 2 1
12 2 4 0 1 3 2 9 2 2
12 2 4 0 1 3 2 9 3 1
12 2 4 0 1 3 2 9 3 2
12 2 4 0 2 0 2 9 1 1
12 2 4 0 2 0 2 9 1 2
12 2 4 0 2 0 2 9 2 1
12 2 4 0 2 0 2 9 2 2
12 2 4 0 2 0 2 9 3 1
12 2 4 0 2 0 2 9 3 2
